1 289.59999999999997 761.6 480.0
2 420.8 758.4 480.0
3 68.8 64.80000000000001 480.0
4 278.3999999999999 111.19999999999999 480.0
5 685.6 456.79999999999995 480.0
6 298.3999999999999 792.8 200.0
7 323.99999999999994 788.8 200.0
8 343.99999999999994 781.5999999999999 200.0
9 395.2 729.5999999999999 200.0
10 383.99999999999994 774.4 200.0
11 306.3999999999999 707.2 200.0
12 341.59999999999997 723.2 200.0
13 314.3999999999999 1009.5999999999999 50.0
14 302.3999999999999 849.6 54.0
15 359.99999999999994 892.0 54.0
16 690.4 405.6 200.0
17 650.4 392.0 200.0
18 620.0 499.2 200.0
19 599.2 452.8 200.0
20 577.6 541.6 200.0
21 535.2 502.4 200.0
22 543.2 454.4 200.0
23 324.8 620.0 25.0
24 391.99999999999994 622.4 33.0
25 371.99999999999994 549.6 50.0
26 469.59999999999997 596.8 25.0
27 428.8 548.8 33.0
28 414.3999999999999 676.0 45.0
29 523.2 607.1999999999999 43.0
30 455.99999999999994 504.79999999999995 32.0
31 482.3999999999999 635.1999999999999 50.0
32 361.59999999999997 460.0 50.0
33 417.59999999999997 451.20000000000005 50.0
34 291.2 403.2 50.0
35 256.8 336.0 50.0
36 279.2 284.8 50.0
37 216.79999999999998 233.60000000000002 50.0
38 205.6 298.4 50.0
39 244.79999999999998 153.59999999999997 200.0
40 282.3999999999999 178.39999999999998 200.0
41 302.3999999999999 133.59999999999997 200.0
42 271.2 214.39999999999998 50.0
43 349.59999999999997 200.8 50.0
44 398.3999999999999 144.8 50.0
45 178.4 132.0 50.0
46 155.20000000000002 97.6 50.0
47 118.40000000000002 54.400000000000006 50.0
