1 3 470.23751934674704
1 3 470.23751934674704
1 3 470.23751934674704
1 3 470.23751934674704
1 3 470.23751934674704
1 3 470.23751934674704
1 3 470.23751934674704
1 3 470.23751934674704
1 3 470.23751934674704
1 3 470.23751934674704
1 3 470.23751934674704
1 3 470.23751934674704
1 3 470.23751934674704
1 3 470.23751934674704
1 3 470.23751934674704
1 3 470.23751934674704
1 3 470.23751934674704
1 3 470.23751934674704
1 3 470.23751934674704
1 3 470.23751934674704
1 3 470.23751934674704
1 3 470.23751934674704
1 3 470.23751934674704
1 3 470.23751934674704
1 3 470.23751934674704
1 3 470.23751934674704
1 3 470.23751934674704
1 3 470.23751934674704
1 3 470.23751934674704
1 3 470.23751934674704
1 3 470.23751934674704
1 3 470.23751934674704
1 6 199.86606713988365
1 6 199.86606713988365
1 6 199.86606713988365
1 6 199.86606713988365
1 6 199.86606713988365
1 6 199.86606713988365
1 6 199.86606713988365
1 6 199.86606713988365
1 6 199.86606713988365
1 6 199.86606713988365
1 6 199.86606713988365
1 6 199.86606713988365
1 6 199.86606713988365
1 6 199.86606713988365
1 6 199.86606713988365
1 6 199.86606713988365
1 7 199.80554517799007
1 7 199.80554517799007
1 7 199.80554517799007
1 7 199.80554517799007
1 7 199.80554517799007
1 7 199.80554517799007
1 7 199.80554517799007
1 7 199.80554517799007
1 7 199.80554517799007
1 7 199.80554517799007
1 7 199.80554517799007
1 7 199.80554517799007
1 7 199.80554517799007
1 7 199.80554517799007
1 7 199.80554517799007
1 7 199.80554517799007
1 8 199.7635093664941
1 8 199.7635093664941
1 8 199.7635093664941
1 8 199.7635093664941
1 8 199.7635093664941
1 8 199.7635093664941
1 8 199.7635093664941
1 8 199.7635093664941
1 8 199.7635093664941
1 8 199.7635093664941
1 8 199.7635093664941
1 8 199.7635093664941
1 8 199.7635093664941
1 8 199.7635093664941
1 8 199.7635093664941
1 8 199.7635093664941
1 11 199.60685408549926
1 11 199.60685408549926
1 11 199.60685408549926
1 11 199.60685408549926
1 11 199.60685408549926
1 11 199.60685408549926
1 11 199.60685408549926
1 11 199.60685408549926
1 11 199.60685408549926
1 11 199.60685408549926
1 11 199.60685408549926
1 11 199.60685408549926
1 11 199.60685408549926
1 11 199.60685408549926
1 11 199.60685408549926
1 11 199.60685408549926
1 12 199.65678870683675
1 12 199.65678870683675
1 12 199.65678870683675
1 12 199.65678870683675
1 12 199.65678870683675
1 12 199.65678870683675
1 12 199.65678870683675
1 12 199.65678870683675
1 12 199.65678870683675
1 12 199.65678870683675
1 12 199.65678870683675
1 12 199.65678870683675
1 12 199.65678870683675
1 12 199.65678870683675
1 12 199.65678870683675
1 12 199.65678870683675
2 5 474.74807066232586
2 5 474.74807066232586
2 5 474.74807066232586
2 5 474.74807066232586
2 5 474.74807066232586
2 5 474.74807066232586
2 5 474.74807066232586
2 5 474.74807066232586
2 5 474.74807066232586
2 5 474.74807066232586
2 5 474.74807066232586
2 5 474.74807066232586
2 5 474.74807066232586
2 5 474.74807066232586
2 5 474.74807066232586
2 5 474.74807066232586
2 5 474.74807066232586
2 5 474.74807066232586
2 5 474.74807066232586
2 5 474.74807066232586
2 5 474.74807066232586
2 5 474.74807066232586
2 5 474.74807066232586
2 5 474.74807066232586
2 5 474.74807066232586
2 5 474.74807066232586
2 5 474.74807066232586
2 5 474.74807066232586
2 5 474.74807066232586
2 5 474.74807066232586
2 5 474.74807066232586
2 5 474.74807066232586
2 9 199.7683593958478
2 9 199.7683593958478
2 9 199.7683593958478
2 9 199.7683593958478
2 9 199.7683593958478
2 9 199.7683593958478
2 9 199.7683593958478
2 9 199.7683593958478
2 9 199.7683593958478
2 9 199.7683593958478
2 9 199.7683593958478
2 9 199.7683593958478
2 9 199.7683593958478
2 9 199.7683593958478
2 9 199.7683593958478
2 9 199.7683593958478
2 10 199.7782996210706
2 10 199.7782996210706
2 10 199.7782996210706
2 10 199.7782996210706
2 10 199.7782996210706
2 10 199.7782996210706
2 10 199.7782996210706
2 10 199.7782996210706
2 10 199.7782996210706
2 10 199.7782996210706
2 10 199.7782996210706
2 10 199.7782996210706
2 10 199.7782996210706
2 10 199.7782996210706
2 10 199.7782996210706
2 10 199.7782996210706
3 1 470.23751934674704
3 1 470.23751934674704
3 1 470.23751934674704
3 1 470.23751934674704
3 1 470.23751934674704
3 1 470.23751934674704
3 1 470.23751934674704
3 1 470.23751934674704
3 1 470.23751934674704
3 1 470.23751934674704
3 1 470.23751934674704
3 1 470.23751934674704
3 1 470.23751934674704
3 1 470.23751934674704
3 1 470.23751934674704
3 1 470.23751934674704
3 1 470.23751934674704
3 1 470.23751934674704
3 1 470.23751934674704
3 1 470.23751934674704
3 1 470.23751934674704
3 1 470.23751934674704
3 1 470.23751934674704
3 1 470.23751934674704
3 1 470.23751934674704
3 1 470.23751934674704
3 1 470.23751934674704
3 1 470.23751934674704
3 1 470.23751934674704
3 1 470.23751934674704
3 1 470.23751934674704
3 1 470.23751934674704
3 4 477.16228852004053
3 4 477.16228852004053
3 4 477.16228852004053
3 4 477.16228852004053
3 4 477.16228852004053
3 4 477.16228852004053
3 4 477.16228852004053
3 4 477.16228852004053
3 4 477.16228852004053
3 4 477.16228852004053
3 4 477.16228852004053
3 4 477.16228852004053
3 4 477.16228852004053
3 4 477.16228852004053
3 4 477.16228852004053
3 4 477.16228852004053
3 4 477.16228852004053
3 4 477.16228852004053
3 4 477.16228852004053
3 4 477.16228852004053
3 4 477.16228852004053
3 4 477.16228852004053
3 4 477.16228852004053
3 4 477.16228852004053
3 4 477.16228852004053
3 4 477.16228852004053
3 4 477.16228852004053
3 4 477.16228852004053
3 4 477.16228852004053
3 4 477.16228852004053
3 4 477.16228852004053
3 4 477.16228852004053
3 46 49.86554344345413
3 47 49.92757144953835
4 3 477.16228852004053
4 3 477.16228852004053
4 3 477.16228852004053
4 3 477.16228852004053
4 3 477.16228852004053
4 3 477.16228852004053
4 3 477.16228852004053
4 3 477.16228852004053
4 3 477.16228852004053
4 3 477.16228852004053
4 3 477.16228852004053
4 3 477.16228852004053
4 3 477.16228852004053
4 3 477.16228852004053
4 3 477.16228852004053
4 3 477.16228852004053
4 3 477.16228852004053
4 3 477.16228852004053
4 3 477.16228852004053
4 3 477.16228852004053
4 3 477.16228852004053
4 3 477.16228852004053
4 3 477.16228852004053
4 3 477.16228852004053
4 3 477.16228852004053
4 3 477.16228852004053
4 3 477.16228852004053
4 3 477.16228852004053
4 3 477.16228852004053
4 3 477.16228852004053
4 3 477.16228852004053
4 3 477.16228852004053
4 5 472.0450285531302
4 5 472.0450285531302
4 5 472.0450285531302
4 5 472.0450285531302
4 5 472.0450285531302
4 5 472.0450285531302
4 5 472.0450285531302
4 5 472.0450285531302
4 5 472.0450285531302
4 5 472.0450285531302
4 5 472.0450285531302
4 5 472.0450285531302
4 5 472.0450285531302
4 5 472.0450285531302
4 5 472.0450285531302
4 5 472.0450285531302
4 5 472.0450285531302
4 5 472.0450285531302
4 5 472.0450285531302
4 5 472.0450285531302
4 5 472.0450285531302
4 5 472.0450285531302
4 5 472.0450285531302
4 5 472.0450285531302
4 5 472.0450285531302
4 5 472.0450285531302
4 5 472.0450285531302
4 5 472.0450285531302
4 5 472.0450285531302
4 5 472.0450285531302
4 5 472.0450285531302
4 5 472.0450285531302
4 39 199.7075372258099
4 40 199.57801408976889
4 41 199.7686662752842
5 2 474.74807066232586
5 2 474.74807066232586
5 2 474.74807066232586
5 2 474.74807066232586
5 2 474.74807066232586
5 2 474.74807066232586
5 2 474.74807066232586
5 2 474.74807066232586
5 2 474.74807066232586
5 2 474.74807066232586
5 2 474.74807066232586
5 2 474.74807066232586
5 2 474.74807066232586
5 2 474.74807066232586
5 2 474.74807066232586
5 2 474.74807066232586
5 2 474.74807066232586
5 2 474.74807066232586
5 2 474.74807066232586
5 2 474.74807066232586
5 2 474.74807066232586
5 2 474.74807066232586
5 2 474.74807066232586
5 2 474.74807066232586
5 2 474.74807066232586
5 2 474.74807066232586
5 2 474.74807066232586
5 2 474.74807066232586
5 2 474.74807066232586
5 2 474.74807066232586
5 2 474.74807066232586
5 2 474.74807066232586
5 4 472.0450285531302
5 4 472.0450285531302
5 4 472.0450285531302
5 4 472.0450285531302
5 4 472.0450285531302
5 4 472.0450285531302
5 4 472.0450285531302
5 4 472.0450285531302
5 4 472.0450285531302
5 4 472.0450285531302
5 4 472.0450285531302
5 4 472.0450285531302
5 4 472.0450285531302
5 4 472.0450285531302
5 4 472.0450285531302
5 4 472.0450285531302
5 4 472.0450285531302
5 4 472.0450285531302
5 4 472.0450285531302
5 4 472.0450285531302
5 4 472.0450285531302
5 4 472.0450285531302
5 4 472.0450285531302
5 4 472.0450285531302
5 4 472.0450285531302
5 4 472.0450285531302
5 4 472.0450285531302
5 4 472.0450285531302
5 4 472.0450285531302
5 4 472.0450285531302
5 4 472.0450285531302
5 4 472.0450285531302
5 16 199.64968378075466
5 16 199.64968378075466
5 16 199.64968378075466
5 16 199.64968378075466
5 17 199.47553637188452
5 17 199.47553637188452
5 17 199.47553637188452
5 17 199.47553637188452
5 18 199.5556585899557
5 18 199.5556585899557
5 18 199.5556585899557
5 18 199.5556585899557
5 19 199.44364759566633
5 19 199.44364759566633
5 19 199.44364759566633
5 19 199.44364759566633
5 20 199.1896715055772
5 20 199.1896715055772
5 20 199.1896715055772
5 20 199.1896715055772
5 21 199.0658189678177
5 21 199.0658189678177
5 21 199.0658189678177
5 21 199.0658189678177
5 22 199.10365853658536
5 22 199.10365853658536
5 22 199.10365853658536
5 22 199.10365853658536
6 1 199.86606713988365
6 1 199.86606713988365
6 1 199.86606713988365
6 1 199.86606713988365
6 1 199.86606713988365
6 1 199.86606713988365
6 1 199.86606713988365
6 1 199.86606713988365
6 1 199.86606713988365
6 1 199.86606713988365
6 1 199.86606713988365
6 1 199.86606713988365
6 1 199.86606713988365
6 1 199.86606713988365
6 1 199.86606713988365
6 1 199.86606713988365
6 14 53.91442266638202
6 14 53.91442266638202
6 14 53.91442266638202
6 14 53.91442266638202
6 14 53.91442266638202
6 14 53.91442266638202
6 14 53.91442266638202
6 14 53.91442266638202
7 1 199.80554517799007
7 1 199.80554517799007
7 1 199.80554517799007
7 1 199.80554517799007
7 1 199.80554517799007
7 1 199.80554517799007
7 1 199.80554517799007
7 1 199.80554517799007
7 1 199.80554517799007
7 1 199.80554517799007
7 1 199.80554517799007
7 1 199.80554517799007
7 1 199.80554517799007
7 1 199.80554517799007
7 1 199.80554517799007
7 1 199.80554517799007
7 8 199.93328707904146
7 8 199.93328707904146
7 8 199.93328707904146
7 8 199.93328707904146
7 8 199.93328707904146
7 8 199.93328707904146
7 8 199.93328707904146
7 8 199.93328707904146
7 14 53.90987631424454
7 14 53.90987631424454
7 14 53.90987631424454
7 14 53.90987631424454
7 14 53.90987631424454
7 14 53.90987631424454
7 14 53.90987631424454
7 14 53.90987631424454
8 1 199.7635093664941
8 1 199.7635093664941
8 1 199.7635093664941
8 1 199.7635093664941
8 1 199.7635093664941
8 1 199.7635093664941
8 1 199.7635093664941
8 1 199.7635093664941
8 1 199.7635093664941
8 1 199.7635093664941
8 1 199.7635093664941
8 1 199.7635093664941
8 1 199.7635093664941
8 1 199.7635093664941
8 1 199.7635093664941
8 1 199.7635093664941
8 7 199.93328707904146
8 7 199.93328707904146
8 7 199.93328707904146
8 7 199.93328707904146
8 7 199.93328707904146
8 7 199.93328707904146
8 7 199.93328707904146
8 7 199.93328707904146
8 10 199.7944308053584
8 10 199.7944308053584
8 10 199.7944308053584
8 10 199.7944308053584
8 10 199.7944308053584
8 10 199.7944308053584
8 10 199.7944308053584
8 10 199.7944308053584
9 2 199.7683593958478
9 2 199.7683593958478
9 2 199.7683593958478
9 2 199.7683593958478
9 2 199.7683593958478
9 2 199.7683593958478
9 2 199.7683593958478
9 2 199.7683593958478
9 2 199.7683593958478
9 2 199.7683593958478
9 2 199.7683593958478
9 2 199.7683593958478
9 2 199.7683593958478
9 2 199.7683593958478
9 2 199.7683593958478
9 2 199.7683593958478
9 12 199.74890590809628
9 12 199.74890590809628
9 12 199.74890590809628
9 12 199.74890590809628
9 12 199.74890590809628
9 12 199.74890590809628
9 12 199.74890590809628
9 12 199.74890590809628
9 28 44.948140544110586
9 28 44.948140544110586
10 2 199.7782996210706
10 2 199.7782996210706
10 2 199.7782996210706
10 2 199.7782996210706
10 2 199.7782996210706
10 2 199.7782996210706
10 2 199.7782996210706
10 2 199.7782996210706
10 2 199.7782996210706
10 2 199.7782996210706
10 2 199.7782996210706
10 2 199.7782996210706
10 2 199.7782996210706
10 2 199.7782996210706
10 2 199.7782996210706
10 2 199.7782996210706
10 8 199.7944308053584
10 8 199.7944308053584
10 8 199.7944308053584
10 8 199.7944308053584
10 8 199.7944308053584
10 8 199.7944308053584
10 8 199.7944308053584
10 8 199.7944308053584
10 15 53.85425014676843
10 15 53.85425014676843
10 15 53.85425014676843
10 15 53.85425014676843
10 15 53.85425014676843
10 15 53.85425014676843
10 15 53.85425014676843
10 15 53.85425014676843
11 1 199.60685408549926
11 1 199.60685408549926
11 1 199.60685408549926
11 1 199.60685408549926
11 1 199.60685408549926
11 1 199.60685408549926
11 1 199.60685408549926
11 1 199.60685408549926
11 1 199.60685408549926
11 1 199.60685408549926
11 1 199.60685408549926
11 1 199.60685408549926
11 1 199.60685408549926
11 1 199.60685408549926
11 1 199.60685408549926
11 1 199.60685408549926
11 23 24.934947396861823
11 23 24.934947396861823
12 1 199.65678870683675
12 1 199.65678870683675
12 1 199.65678870683675
12 1 199.65678870683675
12 1 199.65678870683675
12 1 199.65678870683675
12 1 199.65678870683675
12 1 199.65678870683675
12 1 199.65678870683675
12 1 199.65678870683675
12 1 199.65678870683675
12 1 199.65678870683675
12 1 199.65678870683675
12 1 199.65678870683675
12 1 199.65678870683675
12 1 199.65678870683675
12 9 199.74890590809628
12 9 199.74890590809628
12 9 199.74890590809628
12 9 199.74890590809628
12 9 199.74890590809628
12 9 199.74890590809628
12 9 199.74890590809628
12 9 199.74890590809628
13 14 49.84840989752895
13 14 49.84840989752895
13 14 49.84840989752895
13 14 49.84840989752895
13 14 49.84840989752895
13 14 49.84840989752895
13 14 49.84840989752895
13 14 49.84840989752895
14 6 53.91442266638202
14 6 53.91442266638202
14 6 53.91442266638202
14 6 53.91442266638202
14 6 53.91442266638202
14 6 53.91442266638202
14 6 53.91442266638202
14 6 53.91442266638202
14 7 53.90987631424454
14 7 53.90987631424454
14 7 53.90987631424454
14 7 53.90987631424454
14 7 53.90987631424454
14 7 53.90987631424454
14 7 53.90987631424454
14 7 53.90987631424454
14 13 49.84840989752895
14 13 49.84840989752895
14 13 49.84840989752895
14 13 49.84840989752895
14 13 49.84840989752895
14 13 49.84840989752895
14 13 49.84840989752895
14 13 49.84840989752895
15 10 53.85425014676843
15 10 53.85425014676843
15 10 53.85425014676843
15 10 53.85425014676843
15 10 53.85425014676843
15 10 53.85425014676843
15 10 53.85425014676843
15 10 53.85425014676843
16 5 199.64968378075466
16 5 199.64968378075466
16 5 199.64968378075466
16 5 199.64968378075466
17 5 199.47553637188452
17 5 199.47553637188452
17 5 199.47553637188452
17 5 199.47553637188452
18 5 199.5556585899557
18 5 199.5556585899557
18 5 199.5556585899557
18 5 199.5556585899557
19 5 199.44364759566633
19 5 199.44364759566633
19 5 199.44364759566633
19 5 199.44364759566633
20 5 199.1896715055772
20 5 199.1896715055772
20 5 199.1896715055772
20 5 199.1896715055772
20 29 42.90096396835139
20 29 42.90096396835139
21 5 199.0658189678177
21 5 199.0658189678177
21 5 199.0658189678177
21 5 199.0658189678177
21 22 199.68770347440892
21 22 199.68770347440892
21 30 24.939395480866736
21 30 24.939395480866736
21 30 24.939395480866736
21 30 24.939395480866736
22 5 199.10365853658536
22 5 199.10365853658536
22 5 199.10365853658536
22 5 199.10365853658536
22 21 199.68770347440892
22 21 199.68770347440892
23 11 24.934947396861823
23 11 24.934947396861823
23 25 24.941059134333138
23 25 24.941059134333138
24 27 32.920813297219404
24 27 32.920813297219404
24 28 32.94685074985323
24 28 32.94685074985323
25 23 24.941059134333138
25 23 24.941059134333138
25 27 32.937497564978386
25 27 32.937497564978386
25 30 31.91247691732935
25 30 31.91247691732935
25 32 49.86381224315525
26 27 24.96297599669104
26 27 24.96297599669104
26 31 24.971550274857236
26 31 24.971550274857236
27 24 32.920813297219404
27 24 32.920813297219404
27 25 32.937497564978386
27 25 32.937497564978386
27 26 24.96297599669104
27 26 24.96297599669104
27 30 31.951809788119764
27 30 31.951809788119764
28 9 44.948140544110586
28 9 44.948140544110586
28 24 32.94685074985323
28 24 32.94685074985323
28 31 44.89868125233495
28 31 44.89868125233495
29 20 42.90096396835139
29 20 42.90096396835139
29 31 42.93686806185622
29 31 42.93686806185622
30 21 24.939395480866736
30 21 24.939395480866736
30 21 24.939395480866736
30 21 24.939395480866736
30 25 31.91247691732935
30 25 31.91247691732935
30 27 31.951809788119764
30 27 31.951809788119764
30 33 31.93870630303677
31 26 24.971550274857236
31 26 24.971550274857236
31 28 44.89868125233495
31 28 44.89868125233495
31 29 42.93686806185622
31 29 42.93686806185622
32 25 49.86381224315525
32 33 49.913850269520196
32 34 49.86098194748359
33 30 31.93870630303677
33 32 49.913850269520196
33 34 49.800910297806475
34 32 49.86098194748359
34 33 49.800910297806475
34 35 49.87260000266851
35 34 49.87260000266851
35 36 49.90533269733682
35 38 49.89955035491274
36 35 49.90533269733682
36 37 49.876757885467256
36 38 49.877415007738705
37 36 49.876757885467256
37 42 49.91836673426909
38 35 49.89955035491274
38 36 49.877415007738705
39 4 199.7075372258099
39 40 199.7332483855473
39 45 49.89992227944708
40 4 199.57801408976889
40 39 199.7332483855473
40 42 49.93904607194322
40 43 49.86973801835939
41 4 199.7686662752842
41 44 49.86488965682874
42 37 49.91836673426909
42 40 49.93904607194322
43 40 49.86973801835939
44 41 49.86488965682874
45 39 49.89992227944708
45 46 49.93670611624059
46 3 49.86554344345413
46 45 49.93670611624059
46 47 49.908943534183706
47 3 49.92757144953835
47 46 49.908943534183706
